# 按日期排序的 SQL 订单

> 原文：<https://www.javatpoint.com/sql-order-by-date>

*   ORDER BY 是 SQL 中的一个子句，它与 SELECT 查询一起使用，以升序或降序从表中获取记录。
*   就像我们对存储在表的列中的整数和字符串值进行排序一样，我们也可以对存储在 SQL 表的列中的日期进行排序。
*   默认情况下，所有记录都将按升序排序。为了按降序对记录进行排序，使用了 DESC 关键字。

让我们看几个实际的例子来更清楚地理解这个概念。我们将使用 MySQL 数据库来编写所有的查询。

假设我们在 MySQL 数据库中创建了一个名为雇员的表，其中包含以下数据:

| 身份 | 名字 | 薪水 | 加入日期 | 告发 |
| one | 罗希特莫尔 | Fifty thousand | 2020-02-08 | 1991-01-28 18:06:08 |
| Two | 库纳尔莫赫塔 | Thirty-four thousand | 2021-01-01 | 1990-05-15 19:10:00 |
| three | Saurabh Jha | Sixty-one thousand | 2015-05-01 | 1983-02-20 12:18:45 |
| four | 阿南德赛 | Fifty-nine thousand | 2018-08-27 | 1978-06-29 15:45:13 |
| five | 叫沙阿玛 | Forty-eight thousand | 2010-10-23 | 1999-03-21 02:14:56 |
| six | 巴维什·贾因 | Thirty-seven thousand | 2021-07-03 | 1998-08-02 13:00:01 |

**例 1:**

编写一个查询，以按出生日期升序排列的方式显示员工的所有详细信息。

**查询:**

```sql

mysql> SELECT *FROM employees ORDER BY DOB;

```

由于我们希望按照员工出生日期的升序对记录进行排序，因此我们在“DOB”列中应用了 ORDER BY 子句。

您将获得以下输出:

| 身份 | 名字 | 薪水 | 加入日期 | 告发 |
| four | 阿南德赛 | Fifty-nine thousand | 2018-08-27 | 1978-06-29 15:45:13 |
| three | Saurabh Jha | Sixty-one thousand | 2015-05-01 | 1983-02-20 12:18:45 |
| Two | 库纳尔莫赫塔 | Thirty-four thousand | 2021-01-01 | 1990-05-15 19:10:00 |
| one | 罗希特莫尔 | Fifty thousand | 2020-02-08 | 1991-01-28 18:06:08 |
| six | 巴维什·贾因 | Thirty-seven thousand | 2021-07-03 | 1998-08-02 13:00:01 |
| five | 叫沙阿玛 | Forty-eight thousand | 2010-10-23 | 1999-03-21 02:14:56 |

从上面的查询中获得的结果显示，记录是按照 DOB 的升序显示的。

**例 2:**

编写一个查询来显示员工的所有详细信息，这些信息按加入日期降序排列。

**查询:**

```sql

mysql> SELECT *FROM employees ORDER BY Joining_Date DESC;

```

由于我们希望按照员工入职日期的降序对记录进行排序，因此我们在“入职日期”列中应用了带有 DESC 关键字的 ORDER BY 子句。

您将获得以下输出:

| 身份 | 名字 | 薪水 | 加入日期 | 告发 |
| six | 巴维什·贾因 | Thirty-seven thousand | 2021-07-03 | 1998-08-02 13:00:01 |
| Two | 库纳尔莫赫塔 | Thirty-four thousand | 2021-01-01 | 1990-05-15 19:10:00 |
| one | 罗希特莫尔 | Fifty thousand | 2020-02-08 | 1991-01-28 18:06:08 |
| four | 阿南德赛 | Fifty-nine thousand | 2018-08-27 | 1978-06-29 15:45:13 |
| three | Saurabh Jha | Sixty-one thousand | 2015-05-01 | 1983-02-20 12:18:45 |
| five | 叫沙阿玛 | Forty-eight thousand | 2010-10-23 | 1999-03-21 02:14:56 |

从上述查询获得的结果显示，记录是按照加入日期的降序显示的。

**例 3:**

编写一个查询，以按出生年份升序排列的方式显示员工的所有详细信息。

**查询:**

```sql

mysql> SELECT ID, Name, Salary, Joining_Date, DATE_FORMAT (DOB, '%Y') AS Year_of_Birth FROM employees ORDER BY DATE_FORMAT (DOB, '%Y');

```

由于我们希望按照员工出生年份的升序对记录进行排序，因此我们应用了 ORDER BY 子句。对参数为“%Y”的列 DOB 应用 DATE_FORMAT()函数，以便仅从“DOB”中提取年份。

您将获得以下输出:

| 身份 | 名字 | 薪水 | 加入日期 | 出生年份 |
| four | 阿南德赛 | Fifty-nine thousand | 2018-08-27 | One thousand nine hundred and seventy-eight |
| three | Saurabh Jha | Sixty-one thousand | 2015-05-01 | One thousand nine hundred and eighty-three |
| Two | 库纳尔莫赫塔 | Thirty-four thousand | 2021-01-01 | One thousand nine hundred and ninety |
| one | 罗希特莫尔 | Fifty thousand | 2020-02-08 | One thousand nine hundred and ninety-one |
| six | 巴维什·贾因 | Thirty-seven thousand | 2021-07-03 | One thousand nine hundred and ninety-eight |
| five | 叫沙阿玛 | Forty-eight thousand | 2010-10-23 | One thousand nine hundred and ninety-nine |

上述查询得到的结果显示，记录按照员工出生年份的升序显示。

**例 4:**

编写一个查询，以按出生时间降序显示员工的所有详细信息。

**查询:**

```sql

mysql> SELECT ID, Name, Salary, Joining_Date, DATE_FORMAT (DOB, '%H') AS Hour_Of_Birth FROM employees ORDER BY DATE_FORMAT (DOB, '%H') DESC;

```

由于我们希望按照员工出生时间的降序对记录进行排序，因此我们使用了带有 DESC 关键字的 ORDER BY 子句。函数的作用是:在参数为“H”的“DOB”列中只提取出生时间。

您将获得以下输出:

| 身份 | 名字 | 薪水 | 加入日期 | 出生时间 |
| Two | 库纳尔莫赫塔 | Thirty-four thousand | 2021-01-01 | Nineteen |
| one | 罗希特莫尔 | Fifty thousand | 2020-02-08 | Eighteen |
| four | 阿南德赛 | Fifty-nine thousand | 2018-08-27 | Fifteen |
| six | 巴维什·贾因 | Thirty-seven thousand | 2021-07-03 | Thirteen |
| three | Saurabh Jha | Sixty-one thousand | 2015-05-01 | Twelve |
| five | 叫沙阿玛 | Forty-eight thousand | 2010-10-23 | 02 |

从上面的查询中获得的结果显示，记录是按照员工出生时间的降序显示的。

**例 5:**

编写一个查询来显示员工的所有详细信息，这些信息按照员工加入年份的升序排列。

**查询:**

```sql

mysql> SELECT ID, Name, Salary, DOB, DATE_FORMAT (Joining_Date, '%Y') AS Year_Of_Joining FROM employees ORDER BY DATE_FORMAT (Joining_Date, '%Y');

```

由于我们希望按照员工入职年份的升序对记录进行排序，因此我们应用了 ORDER BY 子句。对参数为“%Y”的列“加入日期”应用 DATE_FORMAT()函数，以便仅从“加入日期”中提取年份。

您将获得以下输出:

| 身份 | 名字 | 薪水 | 加入年份 | 告发 |
| five | 叫沙阿玛 | Forty-eight thousand | Two thousand and ten | 1999-03-21 02:14:56 |
| three | Saurabh Jha | Sixty-one thousand | Two thousand and fifteen | 1983-02-20 12:18:45 |
| four | 阿南德赛 | Fifty-nine thousand | Two thousand and eighteen | 1978-06-29 15:45:13 |
| one | 罗希特莫尔 | Fifty thousand | Two thousand and twenty | 1991-01-28 18:06:08 |
| Two | 库纳尔莫赫塔 | Thirty-four thousand | Two thousand and twenty-one | 1990-05-15 19:10:00 |
| six | 巴维什·贾因 | Thirty-seven thousand | Two thousand and twenty-one | 1998-08-02 13:00:01 |

上述查询得到的结果显示，记录按照员工入职年份的升序显示。

**例 6:**

编写一个查询，按照员工入职日的降序排列，显示所有员工的详细信息。

**查询:**

```sql

mysql> SELECT ID, Name, Salary, DAY (Joining_Date) AS Day_Of_Joining, DOB FROM employees ORDER BY DAY (Joining_Date) DESC;

```

由于我们希望按照员工入职日的降序对记录进行排序，因此我们使用了带有 DESC 关键字的 ORDER BY 子句。DAY()函数应用于“加入日期”列，仅从加入日期中提取加入日期。

您将获得以下输出:

| 身份 | 名字 | 薪水 | 加入日 | 告发 |
| four | 阿南德赛 | Fifty-nine thousand | Twenty-seven | 1978-06-29 15:45:13 |
| five | 叫沙阿玛 | Forty-eight thousand | Twenty-three | 1999-03-21 02:14:56 |
| one | 罗希特莫尔 | Fifty thousand | eight | 1991-01-28 18:06:08 |
| six | 巴维什·贾因 | Thirty-seven thousand | three | 1998-08-02 13:00:01 |
| Two | 库纳尔莫赫塔 | Thirty-four thousand | one | 1990-05-15 19:10:00 |
| three | Saurabh Jha | Sixty-one thousand | one | 1983-02-20 12:18:45 |

上述查询得到的结果显示，记录按照员工入职日的降序显示。

**例 7:**

编写一个查询，按照员工出生日期的升序显示所有员工的详细信息。

**查询:**

```sql

mysql> SELECT ID, Name, Salary, Joining_Date, DAY (DOB) AS Day_Of_Birth FROM employees ORDER BY DAY (DOB);

```

由于我们希望按照员工出生日期的升序对记录进行排序，因此我们应用了 ORDER BY 子句。DAY()函数应用于“出生日期”列，仅从出生日期中提取出生日期。

您将获得以下输出:

| 身份 | 名字 | 薪水 | 加入年份 | 出生日期 |
| six | 巴维什·贾因 | Thirty-seven thousand | 2021-07-03 | Two |
| Two | 库纳尔莫赫塔 | Thirty-four thousand | 2021-01-01 | Fifteen |
| three | Saurabh Jha | Sixty-one thousand | 2015-05-01 | Twenty |
| five | 叫沙阿玛 | Forty-eight thousand | 2010-10-23 | Twenty-one |
| one | 罗希特莫尔 | Fifty thousand | 2020-02-08 | Twenty-eight |
| four | 阿南德赛 | Fifty-nine thousand | 2018-08-27 | Twenty-nine |

上述查询得到的结果显示，记录按照员工出生日期的升序显示。

**例 8:**

编写一个查询，按照员工出生月份的升序显示员工的所有详细信息。

**查询:**

```sql

mysql> SELECT ID, Name, Salary, Joining_Date, DOB FROM employees ORDER BY MONTH (DOB);

```

| 身份 | 名字 | 薪水 | 加入日期 | 告发 |
| one | 罗希特莫尔 | Fifty thousand | 2020-02-08 | 1991-01-28 18:06:08 |
| three | Saurabh Jha | Sixty-one thousand | 2015-05-01 | 1983-02-20 12:18:45 |
| five | 叫沙阿玛 | Forty-eight thousand | 2010-10-23 | 1999-03-21 02:14:56 |
| Two | 库纳尔莫赫塔 | Thirty-four thousand | 2021-01-01 | 1990-05-15 19:10:00 |
| four | 阿南德赛 | Fifty-nine thousand | 2018-08-27 | 1978-06-29 15:45:13 |
| six | 巴维什·贾因 | Thirty-seven thousand | 2021-07-03 | 1998-08-02 13:00:01 |

上述查询得到的结果显示，记录按照员工出生月份的升序显示。

**例 9:**

编写一个查询，按照员工加入月份的升序显示员工的所有详细信息。

**查询:**

```sql

mysql> SELECT ID, Name, Salary, Joining_Date, DOB FROM employees ORDER BY MONTH (Joining_Date);

```

由于我们希望按照员工入职月份的升序对记录进行排序，因此我们应用了 ORDER BY 子句。对“加入日期”列应用 MONTH()函数，以便从加入日期中仅提取加入月份。

您将获得以下输出:

| 身份 | 名字 | 薪水 | 加入日期 | 告发 |
| Two | 库纳尔莫赫塔 | Thirty-four thousand | 2021-01-01 | 1990-05-15 19:10:00 |
| one | 罗希特莫尔 | Fifty thousand | 2020-02-08 | 1991-01-28 18:06:08 |
| three | Saurabh Jha | Sixty-one thousand | 2015-05-01 | 1983-02-20 12:18:45 |
| six | 巴维什·贾因 | Thirty-seven thousand | 2021-07-03 | 1998-08-02 13:00:01 |
| four | 阿南德赛 | Fifty-nine thousand | 2018-08-27 | 1978-06-29 15:45:13 |
| five | 叫沙阿玛 | Forty-eight thousand | 2010-10-23 | 1999-03-21 02:14:56 |

上述查询得到的结果显示，记录按照员工入职月份的升序显示。

* * *